1000368
1001010
1026671
1093073
1139862
1223232
1233212
1252121
1326519
1347892
1355798
1390997
1416592
1498677
1543813
1586555
1591396
1606226
1654613
1683571
1731215
1797356
1820995
1834098
1843621
1843645
1862644
2746376
3096303
3167316
3170317
3171000
3171000
3171000
3171000
3171000
3171000
3171000
3171000
3171317
3171317
3171317
3171317
3171317
3193494
3251325
3251325
3256325
3258325
3387536
3409675
3440342
3482593
3482593
3482593
3482593
3482593
3482593
3487988
3538103
3538173
3584472
3590437
3590932
3603570
3603629
3603674
3603756
3603791
3603874
3603979
3607182
3607203
3655064
3664111
3667057
3667060
3667061
3667068
3667076
3667077
3667114
3667143
3667144
3667157
3745405
3757211
3790316
3790359
3790447
3796260
4015039
4033871
4046481
4060886
4085969
4086708
4091131
4091139
4091183
4091354
4092604
4094778
4095756
4095788
4096639
4097848
4098617
4098622
4098640
4098651
4098778
4099880
4099886
4108154
4149904
4169497
4198369
4211407
4215385
4222010
4299727
4302113
4302841
4311579
4330415
4338149
4338762
4356728
4365686
4377613
4379031
4382864
4385407
4385709
4398603
4399485
4399533
4399543
4402141
4419841
4420406
4420569
4420584
4420668
4420716
4422549
4422616
4431002
4431005
4437779
4441000
4458712
4459038
4459605
4460970
4461020
4461023
4469110
4510809
4520589
4523703
4523904
4529353
4529382
4531277
4537520
4537937
4537939
4537944
4538056
4563329
4564568
4566833
4567834
4567892
4568789
4572824
4573038
4574894
4574961
4578833
4585299
4589617
4590857
4594116
4599090
4614221
4614345
4614696
4614707
4614711
4614749
4614799
4614878
4614904
4615041
4617067
4617073
4621681
4622886
4622960
4623246
4623248
4623249
4623304
4623317
4623836
4624682
4625204
4626120
4637338
4637344
4638312
4638730
4638749
4641121
4641215
4641228
4641339
4643162
4644567
4644758
4644782
4649754
4653711
4654460
4656506
4656608
4656677
4656703
4656738
4657021
4658803
4663875
4668664
4668983
4692927
4696899
4734299
4734409
4741036
4767824
4773036
4793567
4793625
4794917
4796079
4796518
4796917
4804176
4822831
4868739
5112143
5326566
5346789
5447783
5467699
5467894
5468734
5678344
5766887
6458234
7000000
7247241
7259960
7272727
7892345
8681864
8973953
9000831
9292929
9445666